4.000000000000000222e-01 4.928815000275238355e-10 4.657614281144697636e-11
4.057142857142857495e-01 4.840431717159326960e-10 4.549283072161610847e-11
4.115102040816326912e-01 4.465152706792733225e-10 4.190554755154808538e-11
4.173889212827988637e-01 4.442804228267217220e-10 4.180261586263280236e-11
4.233516201582674388e-01 3.973309644505039910e-10 4.114434459658274259e-11
4.293995004462426990e-01 5.196779009267303113e-10 4.579136296208619863e-11
4.355337790240461637e-01 4.570975494948640107e-10 3.988427372273924408e-11
4.417556901529611224e-01 4.563575202120241540e-10 3.698378207610849729e-11
4.480664857265748702e-01 4.490405018158731371e-10 3.425067702411698179e-11
4.544674355226687723e-01 3.701170736028190068e-10 3.331764554511304982e-11
4.609598274587068945e-01 4.037770284320044233e-10 3.311464272779460375e-11
4.675449678509741580e-01 4.230504584361958551e-10 3.266517587330827025e-11
4.742241816774166452e-01 3.673726338923768769e-10 3.204524345465025517e-11
4.809988128442369004e-01 4.244851676191529679e-10 3.125238421747121954e-11
4.878702244562974077e-01 3.812929592979594438e-10 3.307571277332781705e-11
4.948397990913873667e-01 3.637736661201288144e-10 3.126084949864454798e-11
5.019089390784071680e-01 3.102509594968427577e-10 3.210096950360224717e-11
5.090790667795273006e-01 3.352126505587528425e-10 3.036967740442239393e-11
5.163516248763776462e-01 3.532477655315187746e-10 3.278685799037766598e-11
5.237280766603259474e-01 3.341741283445081102e-10 3.096629240796627547e-11
5.312099063269020149e-01 3.399564962404358921e-10 2.997747347286694584e-11
5.387986192744291802e-01 3.739477695217377445e-10 2.976931590526826190e-11
5.464957424069210035e-01 3.367175426646393550e-10 2.932851462406470596e-11
5.543028244413056305e-01 3.081872639895167474e-10 2.900244985858912096e-11
5.622214362190385284e-01 2.800100202086075410e-10 2.905774549173781478e-11
5.702531710221676597e-01 3.152516655399679378e-10 2.828924005706943363e-11
5.783996448939129342e-01 3.126494274434098697e-10 2.804438010491566231e-11
5.866624969638259968e-01 3.100263195675932570e-10 2.820413807910170302e-11
5.950433897775949665e-01 2.790828788301763001e-10 2.785834529376357441e-11
6.035440096315606295e-01 3.125173844843276508e-10 2.783348238405318850e-11
6.121660669120114751e-01 2.804087871973794809e-10 2.828316755305783746e-11
6.209112964393259659e-01 2.882218985732215964e-10 2.810025114085488805e-11
6.297814578170306543e-01 2.815238658013592674e-10 2.817003398309994557e-11
6.387783357858454192e-01 2.885134269290693286e-10 2.823236946784704379e-11
6.479037405827861029e-01 2.788860827933759181e-10 2.843183728273737050e-11
6.571595083053973774e-01 2.873734976514098582e-10 2.935768525649990364e-11
6.665475012811887812e-01 3.355991298814028876e-10 2.861432803383408071e-11
6.760696084423486463e-01 3.737492693829138349e-10 2.885668061517369869e-11
6.857277457058107428e-01 2.884674994249532579e-10 2.892013415642342283e-11
6.955238563587509137e-01 2.992487990157360372e-10 2.926377247855549211e-11
7.054599114495901935e-01 3.191657254816315231e-10 3.010646605191704317e-11
7.155379101845843470e-01 3.617714170166862674e-10 3.129438669910758684e-11
7.257598803300784329e-01 2.591318946224829656e-10 3.214947154095423112e-11
7.361278786205081026e-01 3.556028037248241860e-10 3.391518127232754303e-11
7.466439911722296818e-01 4.118626637113646308e-10 3.561687115973825572e-11
7.573103339032615233e-01 2.865231606148969851e-10 3.659181983276473086e-11
7.681290529590224514e-01 2.838813843737252451e-10 3.852846868228151963e-11
7.791023251441513420e-01 4.165430560379197656e-10 4.087117944344871422e-11
7.902323583604963231e-01 3.737694046844987139e-10 4.312053139338215952e-11
8.015213920513605261e-01 4.559157569242259269e-10 4.540008363487289682e-11
8.129716976520942051e-01 3.537013485005076598e-10 4.803591723974561318e-11
8.245855790471241509e-01 3.301867713857878899e-10 5.156012682780523333e-11
8.363653730335116609e-01 3.927601500852372838e-10 5.584573408169808219e-11
8.483134497911332117e-01 3.685505535837804804e-10 6.144730527982300694e-11
8.604322133595779798e-01 3.577749108161118501e-10 6.743353470698583272e-11
8.727241021218576922e-01 4.531791503359676967e-10 7.252593760295175653e-11
8.851915892950270592e-01 3.497957726229229768e-10 8.008640920685103273e-11
8.978371834278131569e-01 3.650707078879740322e-10 8.981140459687307736e-11
9.106634289053533449e-01 3.049009020738698837e-10 1.024151543661640102e-10
9.236729064611440831e-01 2.990291666338750662e-10 1.218386881305160029e-10
9.368682336963032320e-01 -2.790032210164653250e-11 1.462583887706019959e-10
9.502520656062504179e-01 1.176686484808421717e-10 1.879090949271448541e-10
9.638270951149111587e-01 5.158135248846111863e-10 2.604758338113445307e-10
9.775960536165527737e-01 2.944229233194281142e-10 4.249878421842333680e-10
9.915617115253606562e-01 1.541639673357553239e-09 1.136819854044838297e-09
1.005726878832865712e+00 4.411136527993335811e-10 3.328461761341192930e-11
1.020094405673335203e+00 3.861079278152465908e-10 3.392910266178363697e-11
1.034667182897240023e+00 3.850645502261511947e-10 3.441096225149872072e-11
1.049448142652914973e+00 4.218827262266870162e-10 3.511647149492072912e-11
1.064440258976528053e+00 4.234209193116406486e-10 3.575240961774106049e-11
1.079646548390478467e+00 3.663058008938970766e-10 3.602977289939594361e-11
1.095070070510342441e+00 2.870847241197599511e-10 3.620307647103222266e-11
1.110713928660490124e+00 2.399245503973220805e-10 3.594556329330078423e-11
1.126581270498497211e+00 1.913338381773415317e-10 3.604129583761790993e-11
1.142675288648475673e+00 1.344863844319293647e-10 3.658608872590914554e-11
1.158999221343453900e+00 1.586199745803842346e-10 3.740257855568860379e-11
1.175556353076931737e+00 2.797279406966713122e-10 3.814258038817967978e-11
1.192350015263744956e+00 3.204133830874747405e-10 3.864434037406487627e-11
1.209383586910369957e+00 3.057084634868394451e-10 3.914173733353813935e-11
1.226660495294803921e+00 2.968573404911663404e-10 3.969964865788363062e-11
1.244184216656158304e+00 4.126979018155854828e-10 4.054529789805606226e-11
1.261958276894103337e+00 3.823364916469182260e-10 4.104768234535687809e-11
1.279986252278304759e+00 3.106862481441935502e-10 4.181584457739194812e-11
1.298271770167994887e+00 3.022303029713070950e-10 4.257176697734709705e-11
1.316818509741823462e+00 2.685604669740373266e-10 4.318366734370090856e-11
1.335630202738135264e+00 2.265562514200447754e-10 4.409692323535174382e-11
1.354710634205822828e+00 1.553948287797476862e-10 4.453355454197388470e-11
1.374063643265905910e+00 5.918933198875210802e-11 4.523798703223931739e-11
1.393693123883990248e+00 5.715780107845742520e-11 4.578122367792764945e-11
1.413603025653761502e+00 1.196920649648848635e-10 4.662250677236944931e-11
1.433797354591672457e+00 5.804203462173414378e-11 4.746886795625912009e-11
1.454280173942982035e+00 -6.915529353008591341e-11 4.811662469614380444e-11
1.475055604999310432e+00 9.566904486631215721e-11 4.892492664000733156e-11
1.496127827927872023e+00 2.367800049059031955e-10 5.021972977886786301e-11
1.517501082612555896e+00 1.793613644946720755e-10 5.108892313363384563e-11
1.539179669507021009e+00 2.490654156238175823e-10 5.230473537297278761e-11
1.561167950499978474e+00 1.757599555502608374e-10 5.323261069343991299e-11
1.583470349792835297e+00 1.781026369686831759e-10 5.472055251272656000e-11
1.606091354789875858e+00 2.084178484111068655e-10 5.604429965915483436e-11
1.629035517001159894e+00 inf inf
1.652307452958319267e+00 -inf inf
1.675911845143438050e+00 -inf inf
1.699853442931201553e+00 -inf inf
1.724137063544504356e+00 inf inf
1.748767593023711653e+00 -inf inf
1.773749987209764623e+00 inf inf
1.799089272741332790e+00 inf inf
1.824790548066208995e+00 -inf inf
1.850858984467154800e+00 inf inf
1.877299827102399954e+00 inf inf
1.904118396061005747e+00 -inf inf
1.931320087433305854e+00 -inf inf
1.958910374396638732e+00 -inf inf
1.986894808316590710e+00 -inf inf
2.015279019863970511e+00 -inf inf
2.044068720147741658e+00 -inf inf
2.073269701864138170e+00 inf inf
2.102887840462197122e+00 -inf inf
2.132929095325942992e+00 -inf inf
2.163399510973456508e+00 inf inf
2.194305218273077340e+00 -inf inf
2.225652435676978236e+00 inf inf
2.257447470472363715e+00 -inf inf
2.289696720050540257e+00 inf inf
2.322406673194119531e+00 inf inf
2.355583911382606921e+00 -inf inf
2.389235110116644023e+00 inf inf
2.423367040261167560e+00 inf inf
2.457986569407755617e+00 -inf inf
2.493100663256437866e+00 inf inf
2.528716387017244216e+00 -inf inf
